30 6
2 3 4 7 10 11 12 13 14 15 16 17 19 20 21 22 23 25 26 27
3 4 6 7 8 9 10 11 12 13 14 15 16 17 18 22 23 24 25 26 27 28
4 5 8 10 11 12 13 14 15 16 18 19 24 25 28
7 8 9 11 12 13 15 16 17 19 20 21 22 23 24 25 26 28
6 7 8 9 10 12 13 14 15 16 18 20 21 23 26 27 28
8 10 11 12 13 15 16 17 18 20 21 23 25 26 28
8 9 10 13 14 15 17 20 21 22 23 24 25 27
9 11 12 13 17 18 19 20 22 26 27 28
10 15 18 21 22 24 26 28
12 13 14 15 17 18 19 20 21 22 23 24 25 26 27 28
12 13 14 15 16 17 19 21 23 24 25 26 27 28
13 15 16 17 18 20 21 26 27 28
14 16 17 19 20 21 22 24 25 27 28
15 17 18 19 21 22 25 27
17 18 19 22 23 26 27 28
17 18 20 21 23 25
18 19 20 21 28
20 21 23 27 28
20 23 26 27
21 24 25 26
22 24 25 26 27 28
23 24 25 27 28
25 26 27
25 26
26 27 28
27 28




