30 11
2 5 6 7 8 10 13 14 16 17 18 19 20 21 23 24 26
3 4 5 6 7 8 9 10 11 12 13 14 15 16 17 18 19 20 21 22 23 24 25 26
4 5 6 8 9 10 11 12 15 17 20 22 23 26
7 12 14 17 19 20 21 22 24 26
6 7 8 9 11 13 14 17 19 20 21 22 26
7 8 9 10 12 13 14 15 16 17 18 19 20 21 22 23 24 26
8 9 10 11 12 14 16 17 19 20 21 22 23 24 25 26
9 10 12 13 14 15 16 17 18 19 20 22 23 26
10 12 13 14 16 17 18 19 20 21 22 24 25 26
11 13 14 16 17 18 19 20 22 23 24 25
12 14 15 18 19 23 24 26
14 15 16 18 19 21 22
14 15 17 18 20 21 22 25 26
15 16 17 18 19 20 21 23 24 25
16 17 20 22 23 24 25 26
18 19 20 21 22 23 24 26
18 19 20 22 25
19 20 21 22 23 24
20 21 23 26
21 22 23 24 26
22 24 25 26
23 24 25 26
24 26
25 26
26





