30 13
2 3 4 5 6 7 8 9 10 12 14 15 16 17 18 20 21 22 23 24 26 27 29 30
3 5 6 7 8 9 10 11 12 14 15 17 20 21 22 23 24 25 26 27 28 29 30
4 6 7 9 10 11 12 13 14 15 16 17 18 20 21 22 23 24 25 26 28 29 30
5 8 9 10 11 12 13 14 15 17 18 20 21 22 24 25 26 27 28 29 30
7 9 10 11 13 14 15 17 18 19 20 21 22 23 24 25 26 27 28 29
7 8 9 10 11 12 13 14 16 17 18 19 20 21 22 23 24 25 26 27 28 29 30
8 9 10 11 12 13 14 15 17 18 19 20 21 22 23 24 25 27 28 29 30
9 10 11 12 14 15 18 19 20 21 22 24 25 26 27 28 29 30
10 11 12 13 16 17 18 19 20 21 22 24 25 26 28 29 30
11 12 13 14 15 16 17 18 19 21 22 24 25 26 27 28 29 30
12 13 14 15 17 18 19 21 22 23 26 27 29 30
13 14 15 16 19 20 21 23 24 26 28 29 30
14 16 18 19 20 21 22 23 24 25 27 28 29 30
15 17 18 19 20 21 22 23 24 25 26 27 28 29 30
18 19 20 21 22 23 24 27 28 29 30
18 19 20 21 22 24 25 27 28 29
18 21 22 23 24 25 26 27 28 29 30
19 20 23 24 25 26 28 29 30
20 25 26 27 28 29 30
22 23 24 25 26 29 30
22 23 24 25 26 27 28 29 30
23 24 25 26 28 29 30
25 26 28 29 30
26 27 28 29 30
26 28 29 30
28 29
28 29 30
30
30

