30 8
2 3 4 5 6 7 8 10 11 12 13 14 15 16 17 18 19 21 22 23
3 4 6 8 10 11 13 14 15 17 18 19 21 23
5 7 8 9 10 12 13 14 15 16 17 18 19 21 22 23
5 6 7 8 9 10 11 12 13 14 18 19 20 22 23
6 7 9 11 12 13 14 15 16 18 19 22 23
7 8 9 10 11 12 13 14 15 17 18 20 21 22 23
9 10 11 13 14 15 16 17 18 19 21 22 23
11 12 13 14 15 16 18 19 20 21 23
10 11 12 14 15 16 17 18 19 20 21 22 23
11 13 14 15 17 18 19 20 22 23
12 13 14 15 16 17 18 19 20 21 23
13 15 16 17 18 19 21 23
16 17 18 20 22
15 17 18 19 20 21 22
16 18 19 20 22 23
19 20 21 22 23
18 19 20 21 22 23
19 21 22 23
21 22
21 22 23
22 23
23








