30 13
3 4 5 6 7 8 9 12 13 14 15 16 17 18 19 21 22 23 24 25 26 27 28 30
3 4 5 6 7 8 9 11 12 13 15 16 17 19 20 23 24 25 26 27 28 29 30
4 6 7 8 9 10 11 12 13 14 15 16 17 18 19 20 21 23 24 25 26 27 28 29 30
7 8 9 11 12 13 14 15 16 17 18 19 20 21 23 24 25 26 27 28 29
6 8 9 10 11 12 13 14 15 16 17 20 21 23 24 25 26 27 28 29 30
8 10 11 12 13 14 15 16 18 19 20 22 23 24 25 26 27 28 29 30
8 9 10 12 13 14 15 16 17 18 19 21 22 23 24 25 26 27 29 30
9 10 11 13 14 16 17 18 19 20 21 22 23 24 25 26 27 28 29 30
11 12 13 14 15 16 17 18 19 21 22 23 24 26 27 29 30
11 12 13 15 16 17 18 19 21 22 23 24 25 26 27 30
12 14 15 16 17 18 19 21 22 23 24 25 26 27 28 29 30
13 14 15 17 18 19 20 21 22 23 25 26 27 28 30
14 15 16 17 18 21 22 24 25 26 27 28 29 30
15 16 17 18 19 20 21 22 23 24 25 27 29 30
17 18 20 21 22 23 24 25 27 28 29 30
17 18 19 21 22 23 24 25 26 27 28 29
18 19 20 21 24 25 26 27 28 29
19 20 21 22 23 24 25 26 27 28 29 30
21 23 24 25 26 27 28 30
21 22 23 24 25 26 27 28 29
22 23 24 26 27 28 29 30
23 24 25 26 27 28 30
25 26 27 29 30
25 26 27 28 29 30
26 27 28 29 30
27 28 29 30
28 29 30
29
30

