30 15
2 3 4 5 6 7 8 9 10 11 12 13 15 16 17 18 19 20 21 22 23 24 25 26 28 29 30
4 5 6 7 8 9 10 11 13 14 15 16 17 18 19 20 22 23 24 26 28 29 30
5 7 8 9 10 11 12 13 16 18 19 21 24 25 26 27 28 29
6 7 8 9 10 11 13 14 15 16 17 18 19 20 21 22 23 25 26 27 29 30
6 8 9 12 13 14 15 16 18 19 20 21 24 26 27 28 29 30
7 8 10 11 13 14 15 16 17 18 19 20 22 23 24 25 26 28 29 30
8 9 10 11 12 13 16 17 18 19 20 22 23 24 25 26 27 28 30
10 11 12 13 14 15 16 17 18 19 20 21 22 23 24 25 26 27 30
10 11 12 14 15 16 17 19 20 21 23 24 25 26 27 28 29 30
11 12 13 14 16 17 19 20 21 22 23 24 25 26 27 28 30
12 13 14 15 16 17 18 19 20 21 22 23 24 25 26 27
14 15 16 17 18 20 21 23 24 25 26 27 28 30
14 15 16 17 18 19 20 22 23 26 27 28 29 30
15 17 18 19 21 22 23 25 28 29 30
16 17 18 19 20 21 22 23 25 26 28 29 30
17 18 19 20 21 22 23 24 25 27 29 30
18 19 20 21 22 23 24 25 26 28 30
19 20 21 22 23 24 25 26 27 29 30
20 21 22 23 25 26 28 30
21 22 23 24 25 26 27 29 30
24 26 27 28 29
23 24 26 27 28 29 30
24 25 26 28 29 30
25 27 30
26 27 28 29
27 28 29
29 30
29 30
30

