30 10
2 4 6 7 8 9 10 13 15 17 19 20 21 22 23 24 25 26 27 28 29
4 5 6 8 10 12 13 14 16 20 22 23 24 25 26 27 29
4 5 6 7 8 9 10 11 12 13 14 15 16 17 18 19 20 21 22 24 25 26 28 29
5 6 7 9 10 11 13 14 15 17 18 19 20 21 23 25 27 28 29
6 7 8 9 10 11 12 13 14 15 16 17 18 19 21 22 25 26 27 28
7 8 9 10 12 13 14 16 18 19 20 22 24 25 26 27 29
9 10 11 13 15 16 17 19 23 24 25 26 28 29
10 11 12 13 15 16 18 22 24 25 29
10 11 14 15 16 17 18 19 20 21 22 23 24 25 27 28 29
11 12 13 14 15 16 17 18 20 21 22 23 25 26 27 28
12 13 14 16 17 18 19 20 22 23 24 25 26 27 29
13 14 15 17 18 19 20 22 23 24 25 26 27 28 29
14 15 16 17 18 19 21 22 23 24 25 27 28 29
15 16 17 19 20 21 23 24 26 27 28 29
16 17 20 21 23 24 25 26 27 28 29
17 19 20 22 23 25 26 27 28 29
19 20 21 22 24 25 26 27 28 29
19 21 22 23 24 25 26 27 28 29
20 23 25 26 27 29
21 22 23 24 25 26 27 28 29
22 23 24 26 28 29
23 24 26 27 28 29
24 25 26 27 29
26 27 28 29
28
27 28
28 29
29


