30 13
3 4 6 8 10 11 12 13 14 15 17 18 19 20 21 22 23 24 25 26 27 28 29 30
3 4 5 9 10 11 12 13 14 18 20 21 23 24 26 27 28 30
5 7 8 9 10 11 12 13 14 15 16 17 18 19 20 21 22 23 24 25 26 27 28 29 30
5 7 8 9 10 11 12 14 15 16 17 19 20 21 22 23 24 25 26 27 28 29
8 9 11 12 13 14 15 17 18 19 20 21 22 24 25 26 27 28 29 30
7 8 9 10 11 12 15 16 17 19 20 22 23 26 27 28 29 30
8 9 10 12 14 15 16 18 20 21 22 23 24 25 26 27 28 29 30
10 11 12 13 14 15 16 17 18 20 21 23 24 25 26 27 28 29 30
10 11 12 13 14 16 18 19 22 23 24 25 26 28 29 30
12 13 15 17 18 21 23 24 25 26 27 28 29 30
12 13 14 15 16 17 18 19 21 22 25 26 27 28
13 14 15 16 17 18 20 21 22 23 24 25 26 28 29 30
14 15 16 17 19 21 22 23 24 25 26 27 28 29 30
16 19 20 21 23 24 25 26 27 29
16 17 18 19 20 21 24 26 27 28 29
17 18 22 23 26 27 28 29 30
18 20 21 22 23 24 25 26 27 28 29 30
19 20 21 22 23 24 25 26 27 28 29 30
20 21 22 24 25 26 28 30
21 22 23 24 26 29 30
22 23 24 25 26 28 29 30
23 24 25 26 27 29 30
25 27 29 30
25 26 27 28 29 30
26 27 28 29 30
27 28 29 30
28 29 30
29 30
30

