30 8
2 3 4 6 7 9 11 12 13 14 15 16 17 20 21 23 25 26
3 5 6 7 8 9 10 12 14 16 18 19 20 21 22 23 24 25 26
4 6 8 9 10 11 12 13 16 17 18 19 20 21 22 23 25
5 6 8 9 10 11 13 15 16 17 18 19 21 22 23 24 25
6 7 8 9 10 11 12 13 14 15 16 17 18 19 20 21 24 25 26
7 8 10 11 12 13 14 15 18 19 21 22 23 24 26
8 9 10 11 12 13 14 15 16 17 18 20 21 22 24 25 26
9 10 11 12 13 14 15 16 17 18 19 21 22 25
10 11 12 13 14 15 16 17 19 20 21 22 23 24 25 26
12 13 14 15 16 17 18 19 20 22 24 25
12 13 14 15 16 17 18 19 21 23 24 25
13 14 15 16 18 19 20 22 24 25 26
14 15 16 17 19 21 22 23 24 25 26
15 16 17 19 20 21 23 24 25 26
17 18 20 21 24 25
17 19 20 21 22 24 25 26
18 20 21 22 23
21 22 23 24 26
20 21 22 23 24 25
21 22 24 25 26
23 24 25 26
23 24 25 26
25 26
25 26
26





