30 12
2 3 4 5 6 7 8 10 11 12 14 15 16 17 18 20 21 22 24 25 28 29 30
3 4 5 6 7 8 10 12 13 14 15 16 17 18 19 20 21 22 23 24 25 26 27 28 29
4 5 7 8 9 10 12 16 17 20 21 22 23 24 25 26 29 30
5 6 7 8 11 12 13 14 16 17 18 20 21 22 23 25 26 27 28 29
6 7 8 9 10 12 13 14 15 16 18 19 20 22 23 24 25 27 28 29 30
7 8 9 10 11 12 13 14 16 17 18 19 20 21 22 23 24 25 27 28 30
8 10 11 12 14 15 16 17 18 19 20 22 23 24 25 26 28 29 30
9 11 12 14 15 16 17 19 20 21 22 23 24 25 26 29 30
10 11 12 14 15 16 17 18 20 22 25 26 27 28 29 30
12 13 14 15 16 18 19 20 22 23 24 25 26 27 28 29 30
12 14 15 16 17 18 19 20 21 22 24 25 27 28 29 30
13 14 16 18 19 20 21 23 24 25 26 27 28 29 30
14 15 16 18 19 20 22 23 24 25 27 28 29 30
15 16 17 18 19 20 22 23 24 26 27 28 29
16 17 18 19 20 21 22 23 24 25 26 27 28
17 18 19 20 21 23 25 26 27 29 30
19 20 22 23 24 26 27 28 29 30
19 20 21 22 23 24 25 26 27 29
20 21 22 23 25 27 29
21 22 23 24 25 26 27 28 29 30
22 23 24 25 26 27 28 29 30
24 26 28 29 30
24 25 26 27 28 29 30
25 28 30
28 29 30
27 28 29 30
28 29 30
29 30
30

