30 10
2 3 4 7 8 9 10 12 13 14 15 16 18 19 20 21 22 25 26 27 28 29
3 5 6 7 10 12 14 15 16 17 19 20 22 23 27 28 29 30
4 6 7 8 9 11 12 13 14 15 16 17 18 19 21 22 23 27 28 29 30
7 8 10 11 13 14 15 16 17 19 20 21 22 26 27 28 29 30
7 8 10 11 15 16 17 18 20 21 22 23 24 27 29 30
8 9 10 11 12 13 14 15 16 18 19 20 21 22 23 24 25 26 29 30
8 9 10 11 12 13 14 15 16 17 18 19 20 21 22 23 24 25 27 28 29 30
9 10 12 15 16 17 19 20 21 23 26 27 28
10 12 13 15 16 18 19 20 21 24 25 26 27 28 29 30
11 13 14 15 17 19 21 22 23 27 28 30
12 13 14 15 16 17 22 23 24 25 26 27 28 30
13 14 15 16 17 18 22 23 24 28 29 30
14 15 17 18 19 20 21 22 24 25 28 29 30
16 17 22 23 24 26 27 28 29 30
16 17 19 22 23 24 25 26 27 29 30
19 21 22 23 24 25 28 29 30
18 21 22 23 24 25 26 27 28
19 20 21 22 23 24 26 27 28 29
20 21 22 23 24 26 27 28 29
21 22 23 24 26 27 28 29
22 25 27 28 29 30
23 25 26 27 28 29 30
24 25 27 28 29 30
25 26 28 29 30
26 28 29
27 28 29
29 30
29
30

