30 13
2 3 4 5 6 7 8 9 11 12 13 14 15 16 17 18 19 20 21 22 23 24 25 26 27 28 29 30
3 5 6 7 8 9 12 13 14 15 16 17 18 19 20 21 22 23 24 25 26 27 28 29 30
4 5 6 8 9 10 11 12 13 15 16 18 19 20 21 22 23 24 25 26 27 28 29
5 6 7 10 11 12 13 14 15 16 17 18 20 21 22 23 25 27 28 29 30
6 7 8 9 10 12 13 14 15 16 17 18 19 20 21 22 23 24 25 26 27 29 30
7 8 9 10 11 12 13 14 16 17 19 20 22 23 24 25 26 27 28 30
8 9 10 11 13 14 15 17 18 19 20 21 22 25 26 27 28 29 30
9 10 11 12 13 14 15 16 17 18 19 20 21 22 23 24 25 26 27 28 29
10 12 13 14 15 16 17 18 20 21 22 24 25 26 27 28 29
11 12 13 15 16 17 18 19 23 25 26 27 29
12 15 16 17 18 19 21 22 23 24 25 26 27 28 29 30
13 14 17 18 19 20 21 22 24 25 26 27 28 29 30
14 15 16 17 18 19 21 22 24 25 26 27 28 29 30
15 16 17 18 19 20 21 22 23 26 27 28 29 30
16 18 20 21 22 23 24 25 26 27 29 30
18 19 20 21 23 24 25 27 28 29 30
19 22 23 24 27 29 30
20 21 22 23 24 25 27 28 29 30
20 21 22 23 24 25 26 27 28 30
21 22 23 24 25 26 27 28 29 30
24 25 26 27 29 30
24 25 26 27 28 29
25 28 29 30
25 26 27 28 29
26 28 29 30
27 28 29 30
29 30
29 30
30

