30 9
3 4 6 7 8 11 13 14 15 16 17 18 19 20 21 22 23 24 25 26
5 6 7 8 9 10 11 12 14 16 17 20 21 22 23 24 25 26 29
5 7 8 9 10 11 12 13 17 20 21 22 23 25 27 28
6 7 9 10 11 12 13 14 15 16 17 18 19 22 23 24 26 28
6 7 8 10 12 13 15 16 17 18 19 20 22 23 24 25 26 28
8 9 10 11 12 14 15 16 17 18 19 20 21 22 24 26 27 28 29
8 10 11 12 13 14 15 16 17 18 19 20 22 23 24 25 26 29
9 10 11 12 13 14 15 16 18 21 23 24 25 27 28 29
10 11 12 13 14 15 16 18 19 20 21 22 23 27 28 29
11 12 14 16 18 19 21 22 23 24 25 26 29
12 13 14 16 17 19 21 23 24 25 26 28 29
13 16 17 18 19 20 21 22 24 25 29
14 15 17 20 21 22 24 25 27 28 29
15 18 19 20 21 22 23 24 25 27 28
17 18 19 20 21 23 24 26 27 28 29
17 18 19 20 21 22 24 25 26 28 29
18 19 21 22 23 24 25 26 27 29
19 20 21 22 23 24 25 26 28 29
20 21 22 23 24 25 26 27 28
21 22 25 26 28 29
23 24 25 26 28
23 24 25 26 29
24 26 27 29
25 26 29
26 28 29
29
28
29


