30 8
2 4 5 6 7 8 9 10 11 12 13 15 16 19 20 23 24 25 27
3 4 5 7 8 9 10 11 12 13 15 17 18 19 20 21 22 23 24 26
4 5 6 9 10 11 12 13 14 16 17 18 19 20 21 23 24 25 26
5 6 7 8 9 10 11 12 14 15 16 18 19 20 21 22 23 24
7 8 11 13 14 16 18 20 21 22 23 25 26 27
7 9 10 11 12 13 14 15 16 18 19 20 21 22 23 25 26 27
8 9 10 11 13 14 15 16 17 18 20 21 22 24 25 27
9 10 12 13 14 15 16 17 19 21 22 23 25 26 27
10 11 12 13 15 19 20 21 22 24 25 27
11 12 13 14 15 16 17 18 20 21 22 23 24 25 26
13 14 15 16 18 19 20 21 23 24 25 26 27
13 14 15 16 17 18 19 20 21 22 23 24 25 26
15 16 17 18 19 20 21 22 23 24 25 26
15 16 17 18 19 20 21 22 23 24 25 26 27
16 17 18 19 21 22 23 24 25 26
17 19 20 21 22 23 24 25 26
18 19 20 21 22 23 24 25 26 27
20 21 22 23 25 26 27
20 21 22 23 24 25 26 27
22 23 24 25 26 27
22 23 24 26 27
23 26 27
24 25 27
26 27
26 27
27




