30 8
2 3 4 5 6 7 8 9 10 11 12 13 14 15 16 18 20 21
4 7 8 9 10 13 15 16 17 19 20 21 22 23
4 5 7 8 9 11 13 14 15 17 18 19 23
5 7 9 10 13 14 15 16 17 18 20 21 23
6 7 8 9 11 12 16 17 18 19 20
8 11 12 13 14 16 17 18 19 20 21
8 10 12 13 14 15 17 18 19 20 21 22 23
9 11 12 13 14 15 16 18 19 21 23
11 12 13 14 15 17 18 19 21 23
11 12 13 14 15 16 17 18 19 20 21 22
13 14 16 19 21 22 23
13 14 15 16 19 22 23
14 15 17 19 20 21 22 23
16 17 19 21 22 23
17 19 21 22 23
17 18 21 22 23
18 19 20 22 23
22
22
22 23
22 23









