30 10
2 3 5 6 7 8 9 11 12 13 16 17 18 19 20 22 23 24 25
4 5 6 7 8 9 10 11 12 13 14 15 16 17 19 20 21 23 25
4 5 7 8 9 10 12 13 14 15 16 17 18 19 20 21 22 23 24
5 6 7 11 12 13 14 15 16 18 19 20 21 23 24
6 7 9 10 12 13 14 15 16 18 20 21 22 24 25
7 8 9 10 11 12 13 14 17 18 19 20 21 22 23 24 25
8 10 11 12 13 14 15 16 17 18 19 20 21 22 23 24 25
10 11 13 15 16 17 18 19 20 21 22 23 24
10 12 13 14 15 16 17 18 19 20 21 22 23 24 25
11 12 16 18 19 20 22 23 25
12 13 15 16 17 18 19 20 21 22 23 24 25
13 14 15 16 17 18 19 20 21 22 23 24 25
14 15 16 18 19 20 21 22 23 24
15 16 17 18 19 20 21 22 23 25
16 17 18 19 20 21 22 23 24
17 18 19 20 21 22 23 24 25
19 21 22 23 24 25
19 20 21 22 23 24 25
21 22 24 25
21 22 23 24 25
22 23 24 25
23 24
24 25
25






