30 7
2 3 5 6 7 8 11 12 13 14 15 16 17 18 20 21 22 23 24 25 26 27 29
3 4 5 8 9 10 11 12 13 14 16 20 21 22 23 24 26 27 29
4 5 6 7 8 9 10 11 13 14 15 16 17 19 20 21 22 23 24 25 26 28 29
5 6 7 9 11 12 15 16 17 18 19 20 22 23 25 27 28 29
7 9 10 11 12 13 14 15 16 19 21 25 26 27 28 29
8 9 10 11 12 15 16 17 19 20 22 23 24 25 27 29
8 9 11 12 13 14 15 16 17 19 20 21 22 23 25 26 27 28 29
9 10 11 12 13 14 15 17 19 21 22 23 25 26 27 28 29
10 11 12 13 14 17 18 19 20 22 23 26 28
11 12 13 14 16 18 19 20 21 22 23 24 26 27 28
12 14 15 16 19 21 22 23 24 25 27 29
13 15 16 17 18 19 20 21 22 23 26 27 28 29
14 15 17 19 20 21 26 27 28
16 18 19 20 21 22 24 25 26 27 29
16 17 18 19 20 21 23 25 28
17 18 19 20 22 23 24 25 26 27 28 29
18 19 23 24 26 27 28
19 20 22 23 24 25 26 27
20 22 24 25 26 27 28 29
22 25
22 26 27 28 29
23 24 25 26 27 28
24 25 26 27 29
26 27 29
26 27 28 29
27 29
28 29
29


