30 11
2 3 4 5 7 8 9 11 12 14 15 16 17 18 19 21 24 25
3 4 6 9 10 11 12 13 14 15 16 17 19 23 26
4 5 6 7 8 9 10 11 12 14 15 16 17 18 19 20 21 22 24 25
5 7 8 9 12 13 14 15 16 17 18 19 20 21 23 24 25 26
7 8 9 10 11 13 14 15 17 18 19 20 21 22 23 26
7 9 10 11 12 13 14 16 17 19 21 22 23 25 26
8 10 11 12 13 15 16 17 18 19 20 22 25
9 12 13 15 16 17 18 19 20 21 22 25 26
10 11 12 13 14 15 16 17 18 19 22 24 25 26
11 13 14 15 16 17 18 19 20 22 24 25 26
13 17 19 20 21 22 23 24 26
13 14 15 16 17 18 19 20 21 22 24 25 26
14 15 20 22 23 24 25 26
15 16 17 19 20 22 24 26
16 17 19 22 23 24 25 26
17 18 19 20 21 22 23 24 25 26
18 19 20 21 22 23 24
19 22 24 26
20 22 23 24 25 26
21 24
24 25 26
24
24 25
26






