30 6
2 3 4 9 10 11 12 14 15 17 18 19 21 22
3 4 5 6 7 8 9 12 13 14 15 17 18 21 22 24
4 5 6 9 10 14 15 18 19 20 21 22 23 24
5 7 8 10 15 16 17 18 19 20 22 23 24
7 9 11 12 14 15 17 19 20 22 24
7 8 9 10 12 14 15 16 18 20 21 22
9 10 11 12 13 14 15 16 17 18 19 20 21 22 23
9 10 11 12 13 14 17 18 19 20 21 23 24
10 11 14 15 18 20 22 23
12 13 14 15 18 19 20 22 23 24
12 13 16 17 19 21 22 23 24
13 14 15 16 21 22 23 24
14 15 16 18 19 20 21 22 23 24
15 17 18 21 22
16 17 18 19 20 22 23 24
17 18 21 22 24
18 19 22 23 24
19 20 21 22 23 24
20 22 23 24
22 23 24
22 23 24
23 24








