30 13
2 3 4 5 6 7 8 9 10 11 12 13 15 16 17 18 19 20 21 22 23 24 25 26 28 29 30
3 4 5 7 9 11 12 13 15 16 17 18 19 20 21 22 23 24 25 26 28 29 30
4 5 6 7 8 9 10 11 12 13 15 16 17 19 20 21 22 25 26 27 28
7 8 9 11 12 13 17 18 19 20 21 22 23 24 25 26 27 28 30
6 7 8 9 10 11 12 14 16 17 18 19 20 21 22 23 24 25 26 27 28 29
7 8 9 10 11 12 13 14 15 16 17 18 19 23 24 25 26 27 28 29 30
8 9 11 12 13 14 15 16 17 18 19 20 21 22 23 24 25 27 28 29 30
9 10 11 13 14 15 16 17 19 20 21 23 24 25 26 27 29 30
10 11 12 13 15 16 17 19 20 21 22 23 25 26 27 28 29
11 12 13 14 15 16 17 18 19 20 21 22 23 24 25 26 28 29 30
12 13 14 15 16 17 18 19 20 21 22 23 24 25 26 27 28 29 30
13 14 16 17 19 20 22 23 24 25 26 28 29 30
14 15 16 18 19 20 21 22 23 24 25 26 27 28 29 30
15 17 18 19 21 22 23 24 25 27 29 30
16 17 18 19 22 23 24 25 27 28 29 30
17 18 20 21 23 24 25 26 27 28 29 30
18 19 20 21 23 25 26 27 28 30
19 20 21 22 23 24 25 26 27 28 30
20 21 22 23 24 25 27 29 30
21 23 24 25 26 27 28 29 30
23 24 25 26 27 28 29
24 25 26 27 28 29 30
24 25 26 27 28 29 30
25 26 27 28 30
26 27 28
27 28 29 30
29 30
29 30
30

