30 9
2 4 5 6 8 11 12 13 14 15 16 17 18 19 23 24 26 28
4 6 7 8 10 13 14 15 17 18 21 22 24 25 26 27 28
4 5 6 7 8 9 10 11 12 13 14 15 16 17 18 19 20 21 24 25 26 27 28
6 7 8 9 11 12 13 14 15 16 17 19 20 21 22 23 24 25 26 27
6 7 8 9 11 12 13 14 15 16 19 20 22 23 25 26 27 28
7 8 9 10 11 12 13 14 15 16 17 18 19 20 21 22 23 24 25 27 28
8 10 12 13 14 15 17 18 19 20 21 22 23 25 26 27
9 10 11 12 14 15 16 17 18 19 20 21 22 23 25 26 27 28
10 11 12 13 14 16 17 19 20 23 24 25 27 28
11 13 14 16 17 18 19 20 22 23 24 25 26 27 28
12 14 15 16 17 18 20 21 22 23 24 26 27 28
14 15 16 17 19 20 21 22 23 24 25 26 27 28
15 16 17 18 19 20 23 24 26 27 28
15 17 18 21 22 24 25 27 28
16 18 19 21 22 23 24 25 26 27 28
17 18 19 20 21 22 24 25 26 27 28
18 19 21 22 23 24 25 27 28
19 22 23 24 26 27 28
20 22 23 24 26 27
21 24 25 26 28
22 23 25 26 27 28
23 25 26 28
25 26 27 28
25 26 27 28
26 27 28
27 28
28



